{
 "cells": [
  {
   "cell_type": "markdown",
   "metadata": {},
   "source": [
    "# Project 2 - Ryan Yordanoff"
   ]
  },
  {
   "cell_type": "code",
   "execution_count": 562,
   "metadata": {},
   "outputs": [],
   "source": [
    "import pickle\n",
    "import numpy as np\n",
    "import pandas as pd\n",
    "from scipy import stats\n",
    "import seaborn as sns\n",
    "import matplotlib.pyplot as plt\n",
    "from sklearn.preprocessing import StandardScaler\n",
    "from sklearn.decomposition import PCA"
   ]
  },
  {
   "cell_type": "markdown",
   "metadata": {},
   "source": [
    "# Import absolute abundance data"
   ]
  },
  {
   "cell_type": "code",
   "execution_count": 563,
   "metadata": {},
   "outputs": [],
   "source": [
    "#Data format:  list of pandas dataframes len = 6.  We are only concerned with data from the index 4 ([4])\n",
    "abs_data = pickle.load(open('pickle_files/abs_sort_lod_list.pkl', 'rb'))\n",
    "s_names_data = pickle.load(open('pickle_files/col_names_lod_list.pkl', 'rb'))\n",
    "abs_data_i4 = abs_data[4]\n",
    "s_names_data_i4 = s_names_data[4]"
   ]
  },
  {
   "cell_type": "markdown",
   "metadata": {},
   "source": [
    "# Prepare data"
   ]
  },
  {
   "cell_type": "code",
   "execution_count": 564,
   "metadata": {},
   "outputs": [
    {
     "name": "stdout",
     "output_type": "stream",
     "text": [
      "ASV_list: ['ASV255', 'ASV247', 'ASV81', 'ASV70', 'ASV142', 'ASV219', 'ASV11', 'ASV71', 'ASV243', 'ASV258', 'ASV257', 'ASV163', 'ASV197', 'ASV242', 'ASV239', 'ASV260', 'ASV30', 'ASV191']\n"
     ]
    }
   ],
   "source": [
    "#names found on figure 3B\n",
    "species_names = ['Enterobacteriaceae(f)', 'Escherichia-Shigella(g)', 'Clostridium sensu stricto 1(g)', 'Enterococcus(g)', 'Romboutsia(g)', 'Aeromonas(g)', 'Bacteroides(g)', 'Lactobacillus(g)', 'Cardiobacterium(g)', 'Aggregatibacter(g)', 'Actinobacillus(g)', 'Ruminococcaceae UCG-014(g)', 'SR1 bacterium oral taxon 875(g)', 'Neisseriaceae(f)', 'Eikenella(g)', 'Pasteurellaceae(f)', 'Prevotella(g)', 'Fusobacterium(g)']\n",
    "\n",
    "#find ASV in the data from the species names\n",
    "ASV_dict_raw = (s_names_data_i4['label']).to_dict() #takes the species ASV as key and corresponding name as value Example: {'ASV255': 'Enterobacteriaceae(f)', 'ASV256': 'Halomonas(g)'}\n",
    "ASV_dict = dict((val,key) for key,val in ASV_dict_raw.items()) #reverses previous dict for easier indexing.  Example: {'Enterobacteriaceae(f)':'ASV255', 'Halomonas(g)':'ASV256'}\n",
    "ASV_list = [] #list of ASVs for plotting data (ASV are index in pandas dataframe)\n",
    "\n",
    "for species in species_names:\n",
    "    ASV_list.append(ASV_dict[species])\n",
    "\n",
    "#obtain the absolute abundance data for the specified species we want to plot\n",
    "plot_abs_data = abs_data_i4[ASV_list]\n",
    "\n",
    "print(f'ASV_list: {ASV_list}')\n"
   ]
  },
  {
   "cell_type": "code",
   "execution_count": 565,
   "metadata": {},
   "outputs": [
    {
     "data": {
      "text/html": [
       "<div>\n",
       "<style scoped>\n",
       "    .dataframe tbody tr th:only-of-type {\n",
       "        vertical-align: middle;\n",
       "    }\n",
       "\n",
       "    .dataframe tbody tr th {\n",
       "        vertical-align: top;\n",
       "    }\n",
       "\n",
       "    .dataframe thead th {\n",
       "        text-align: right;\n",
       "    }\n",
       "</style>\n",
       "<table border=\"1\" class=\"dataframe\">\n",
       "  <thead>\n",
       "    <tr style=\"text-align: right;\">\n",
       "      <th></th>\n",
       "      <th>0</th>\n",
       "      <th>1</th>\n",
       "      <th>2</th>\n",
       "      <th>3</th>\n",
       "      <th>4</th>\n",
       "      <th>5</th>\n",
       "      <th>6</th>\n",
       "      <th>7</th>\n",
       "      <th>8</th>\n",
       "      <th>9</th>\n",
       "      <th>10</th>\n",
       "      <th>11</th>\n",
       "      <th>12</th>\n",
       "      <th>13</th>\n",
       "      <th>14</th>\n",
       "      <th>15</th>\n",
       "      <th>16</th>\n",
       "      <th>17</th>\n",
       "    </tr>\n",
       "  </thead>\n",
       "  <tbody>\n",
       "    <tr>\n",
       "      <th>0</th>\n",
       "      <td>1.000000</td>\n",
       "      <td>0.436819</td>\n",
       "      <td>0.401648</td>\n",
       "      <td>0.340623</td>\n",
       "      <td>0.236730</td>\n",
       "      <td>0.262158</td>\n",
       "      <td>0.092060</td>\n",
       "      <td>0.179363</td>\n",
       "      <td>0.077550</td>\n",
       "      <td>-0.051121</td>\n",
       "      <td>-0.093987</td>\n",
       "      <td>-0.201888</td>\n",
       "      <td>-0.087560</td>\n",
       "      <td>-0.051797</td>\n",
       "      <td>-0.032783</td>\n",
       "      <td>0.024132</td>\n",
       "      <td>-0.111431</td>\n",
       "      <td>0.002365</td>\n",
       "    </tr>\n",
       "    <tr>\n",
       "      <th>1</th>\n",
       "      <td>0.436819</td>\n",
       "      <td>1.000000</td>\n",
       "      <td>0.259745</td>\n",
       "      <td>0.380159</td>\n",
       "      <td>0.253664</td>\n",
       "      <td>0.234988</td>\n",
       "      <td>0.114118</td>\n",
       "      <td>0.072228</td>\n",
       "      <td>0.039397</td>\n",
       "      <td>-0.007687</td>\n",
       "      <td>-0.054391</td>\n",
       "      <td>-0.156953</td>\n",
       "      <td>-0.048828</td>\n",
       "      <td>-0.048504</td>\n",
       "      <td>0.010064</td>\n",
       "      <td>-0.061257</td>\n",
       "      <td>-0.070859</td>\n",
       "      <td>0.021473</td>\n",
       "    </tr>\n",
       "    <tr>\n",
       "      <th>2</th>\n",
       "      <td>0.401648</td>\n",
       "      <td>0.259745</td>\n",
       "      <td>1.000000</td>\n",
       "      <td>0.140627</td>\n",
       "      <td>0.416596</td>\n",
       "      <td>0.131281</td>\n",
       "      <td>0.067568</td>\n",
       "      <td>0.171187</td>\n",
       "      <td>-0.009901</td>\n",
       "      <td>-0.022994</td>\n",
       "      <td>-0.126441</td>\n",
       "      <td>-0.140354</td>\n",
       "      <td>-0.056853</td>\n",
       "      <td>-0.077442</td>\n",
       "      <td>-0.010729</td>\n",
       "      <td>-0.001730</td>\n",
       "      <td>-0.167580</td>\n",
       "      <td>-0.114834</td>\n",
       "    </tr>\n",
       "    <tr>\n",
       "      <th>3</th>\n",
       "      <td>0.340623</td>\n",
       "      <td>0.380159</td>\n",
       "      <td>0.140627</td>\n",
       "      <td>1.000000</td>\n",
       "      <td>0.171622</td>\n",
       "      <td>0.176805</td>\n",
       "      <td>0.106506</td>\n",
       "      <td>0.058197</td>\n",
       "      <td>0.024607</td>\n",
       "      <td>-0.011445</td>\n",
       "      <td>-0.045310</td>\n",
       "      <td>-0.064045</td>\n",
       "      <td>-0.092547</td>\n",
       "      <td>0.012755</td>\n",
       "      <td>-0.070692</td>\n",
       "      <td>0.045660</td>\n",
       "      <td>-0.000043</td>\n",
       "      <td>0.013964</td>\n",
       "    </tr>\n",
       "    <tr>\n",
       "      <th>4</th>\n",
       "      <td>0.236730</td>\n",
       "      <td>0.253664</td>\n",
       "      <td>0.416596</td>\n",
       "      <td>0.171622</td>\n",
       "      <td>1.000000</td>\n",
       "      <td>0.410911</td>\n",
       "      <td>0.167740</td>\n",
       "      <td>0.057398</td>\n",
       "      <td>0.083865</td>\n",
       "      <td>0.081444</td>\n",
       "      <td>0.044497</td>\n",
       "      <td>0.023219</td>\n",
       "      <td>0.154181</td>\n",
       "      <td>-0.047226</td>\n",
       "      <td>0.069482</td>\n",
       "      <td>0.069036</td>\n",
       "      <td>-0.026245</td>\n",
       "      <td>-0.066422</td>\n",
       "    </tr>\n",
       "    <tr>\n",
       "      <th>5</th>\n",
       "      <td>0.262158</td>\n",
       "      <td>0.234988</td>\n",
       "      <td>0.131281</td>\n",
       "      <td>0.176805</td>\n",
       "      <td>0.410911</td>\n",
       "      <td>1.000000</td>\n",
       "      <td>0.067867</td>\n",
       "      <td>-0.059421</td>\n",
       "      <td>0.065108</td>\n",
       "      <td>0.011868</td>\n",
       "      <td>-0.015765</td>\n",
       "      <td>-0.063730</td>\n",
       "      <td>0.013389</td>\n",
       "      <td>-0.047226</td>\n",
       "      <td>-0.001130</td>\n",
       "      <td>-0.006043</td>\n",
       "      <td>-0.060324</td>\n",
       "      <td>-0.054872</td>\n",
       "    </tr>\n",
       "    <tr>\n",
       "      <th>6</th>\n",
       "      <td>0.092060</td>\n",
       "      <td>0.114118</td>\n",
       "      <td>0.067568</td>\n",
       "      <td>0.106506</td>\n",
       "      <td>0.167740</td>\n",
       "      <td>0.067867</td>\n",
       "      <td>1.000000</td>\n",
       "      <td>0.087743</td>\n",
       "      <td>-0.011685</td>\n",
       "      <td>-0.006792</td>\n",
       "      <td>-0.035501</td>\n",
       "      <td>0.009200</td>\n",
       "      <td>-0.052491</td>\n",
       "      <td>-0.000547</td>\n",
       "      <td>-0.053496</td>\n",
       "      <td>-0.064356</td>\n",
       "      <td>-0.035630</td>\n",
       "      <td>-0.106963</td>\n",
       "    </tr>\n",
       "    <tr>\n",
       "      <th>7</th>\n",
       "      <td>0.179363</td>\n",
       "      <td>0.072228</td>\n",
       "      <td>0.171187</td>\n",
       "      <td>0.058197</td>\n",
       "      <td>0.057398</td>\n",
       "      <td>-0.059421</td>\n",
       "      <td>0.087743</td>\n",
       "      <td>1.000000</td>\n",
       "      <td>-0.091275</td>\n",
       "      <td>0.001508</td>\n",
       "      <td>-0.207809</td>\n",
       "      <td>-0.253239</td>\n",
       "      <td>-0.171078</td>\n",
       "      <td>-0.032802</td>\n",
       "      <td>-0.119504</td>\n",
       "      <td>-0.080455</td>\n",
       "      <td>-0.114425</td>\n",
       "      <td>-0.148826</td>\n",
       "    </tr>\n",
       "    <tr>\n",
       "      <th>8</th>\n",
       "      <td>0.077550</td>\n",
       "      <td>0.039397</td>\n",
       "      <td>-0.009901</td>\n",
       "      <td>0.024607</td>\n",
       "      <td>0.083865</td>\n",
       "      <td>0.065108</td>\n",
       "      <td>-0.011685</td>\n",
       "      <td>-0.091275</td>\n",
       "      <td>1.000000</td>\n",
       "      <td>0.357025</td>\n",
       "      <td>0.304123</td>\n",
       "      <td>0.115956</td>\n",
       "      <td>0.123562</td>\n",
       "      <td>0.251735</td>\n",
       "      <td>0.523311</td>\n",
       "      <td>0.163891</td>\n",
       "      <td>0.124425</td>\n",
       "      <td>0.291172</td>\n",
       "    </tr>\n",
       "    <tr>\n",
       "      <th>9</th>\n",
       "      <td>-0.051121</td>\n",
       "      <td>-0.007687</td>\n",
       "      <td>-0.022994</td>\n",
       "      <td>-0.011445</td>\n",
       "      <td>0.081444</td>\n",
       "      <td>0.011868</td>\n",
       "      <td>-0.006792</td>\n",
       "      <td>0.001508</td>\n",
       "      <td>0.357025</td>\n",
       "      <td>1.000000</td>\n",
       "      <td>0.466316</td>\n",
       "      <td>0.237142</td>\n",
       "      <td>0.297732</td>\n",
       "      <td>0.130455</td>\n",
       "      <td>0.531823</td>\n",
       "      <td>0.215451</td>\n",
       "      <td>0.330392</td>\n",
       "      <td>0.334269</td>\n",
       "    </tr>\n",
       "    <tr>\n",
       "      <th>10</th>\n",
       "      <td>-0.093987</td>\n",
       "      <td>-0.054391</td>\n",
       "      <td>-0.126441</td>\n",
       "      <td>-0.045310</td>\n",
       "      <td>0.044497</td>\n",
       "      <td>-0.015765</td>\n",
       "      <td>-0.035501</td>\n",
       "      <td>-0.207809</td>\n",
       "      <td>0.304123</td>\n",
       "      <td>0.466316</td>\n",
       "      <td>1.000000</td>\n",
       "      <td>0.278765</td>\n",
       "      <td>0.381907</td>\n",
       "      <td>0.285051</td>\n",
       "      <td>0.494363</td>\n",
       "      <td>0.298136</td>\n",
       "      <td>0.391173</td>\n",
       "      <td>0.380637</td>\n",
       "    </tr>\n",
       "    <tr>\n",
       "      <th>11</th>\n",
       "      <td>-0.201888</td>\n",
       "      <td>-0.156953</td>\n",
       "      <td>-0.140354</td>\n",
       "      <td>-0.064045</td>\n",
       "      <td>0.023219</td>\n",
       "      <td>-0.063730</td>\n",
       "      <td>0.009200</td>\n",
       "      <td>-0.253239</td>\n",
       "      <td>0.115956</td>\n",
       "      <td>0.237142</td>\n",
       "      <td>0.278765</td>\n",
       "      <td>1.000000</td>\n",
       "      <td>0.381659</td>\n",
       "      <td>0.103480</td>\n",
       "      <td>0.279699</td>\n",
       "      <td>0.108680</td>\n",
       "      <td>0.396894</td>\n",
       "      <td>0.462449</td>\n",
       "    </tr>\n",
       "    <tr>\n",
       "      <th>12</th>\n",
       "      <td>-0.087560</td>\n",
       "      <td>-0.048828</td>\n",
       "      <td>-0.056853</td>\n",
       "      <td>-0.092547</td>\n",
       "      <td>0.154181</td>\n",
       "      <td>0.013389</td>\n",
       "      <td>-0.052491</td>\n",
       "      <td>-0.171078</td>\n",
       "      <td>0.123562</td>\n",
       "      <td>0.297732</td>\n",
       "      <td>0.381907</td>\n",
       "      <td>0.381659</td>\n",
       "      <td>1.000000</td>\n",
       "      <td>0.150040</td>\n",
       "      <td>0.268851</td>\n",
       "      <td>0.133234</td>\n",
       "      <td>0.277223</td>\n",
       "      <td>0.268312</td>\n",
       "    </tr>\n",
       "    <tr>\n",
       "      <th>13</th>\n",
       "      <td>-0.051797</td>\n",
       "      <td>-0.048504</td>\n",
       "      <td>-0.077442</td>\n",
       "      <td>0.012755</td>\n",
       "      <td>-0.047226</td>\n",
       "      <td>-0.047226</td>\n",
       "      <td>-0.000547</td>\n",
       "      <td>-0.032802</td>\n",
       "      <td>0.251735</td>\n",
       "      <td>0.130455</td>\n",
       "      <td>0.285051</td>\n",
       "      <td>0.103480</td>\n",
       "      <td>0.150040</td>\n",
       "      <td>1.000000</td>\n",
       "      <td>0.234052</td>\n",
       "      <td>0.164588</td>\n",
       "      <td>0.195504</td>\n",
       "      <td>0.205122</td>\n",
       "    </tr>\n",
       "    <tr>\n",
       "      <th>14</th>\n",
       "      <td>-0.032783</td>\n",
       "      <td>0.010064</td>\n",
       "      <td>-0.010729</td>\n",
       "      <td>-0.070692</td>\n",
       "      <td>0.069482</td>\n",
       "      <td>-0.001130</td>\n",
       "      <td>-0.053496</td>\n",
       "      <td>-0.119504</td>\n",
       "      <td>0.523311</td>\n",
       "      <td>0.531823</td>\n",
       "      <td>0.494363</td>\n",
       "      <td>0.279699</td>\n",
       "      <td>0.268851</td>\n",
       "      <td>0.234052</td>\n",
       "      <td>1.000000</td>\n",
       "      <td>0.241535</td>\n",
       "      <td>0.437641</td>\n",
       "      <td>0.476310</td>\n",
       "    </tr>\n",
       "    <tr>\n",
       "      <th>15</th>\n",
       "      <td>0.024132</td>\n",
       "      <td>-0.061257</td>\n",
       "      <td>-0.001730</td>\n",
       "      <td>0.045660</td>\n",
       "      <td>0.069036</td>\n",
       "      <td>-0.006043</td>\n",
       "      <td>-0.064356</td>\n",
       "      <td>-0.080455</td>\n",
       "      <td>0.163891</td>\n",
       "      <td>0.215451</td>\n",
       "      <td>0.298136</td>\n",
       "      <td>0.108680</td>\n",
       "      <td>0.133234</td>\n",
       "      <td>0.164588</td>\n",
       "      <td>0.241535</td>\n",
       "      <td>1.000000</td>\n",
       "      <td>0.350864</td>\n",
       "      <td>0.288726</td>\n",
       "    </tr>\n",
       "    <tr>\n",
       "      <th>16</th>\n",
       "      <td>-0.111431</td>\n",
       "      <td>-0.070859</td>\n",
       "      <td>-0.167580</td>\n",
       "      <td>-0.000043</td>\n",
       "      <td>-0.026245</td>\n",
       "      <td>-0.060324</td>\n",
       "      <td>-0.035630</td>\n",
       "      <td>-0.114425</td>\n",
       "      <td>0.124425</td>\n",
       "      <td>0.330392</td>\n",
       "      <td>0.391173</td>\n",
       "      <td>0.396894</td>\n",
       "      <td>0.277223</td>\n",
       "      <td>0.195504</td>\n",
       "      <td>0.437641</td>\n",
       "      <td>0.350864</td>\n",
       "      <td>1.000000</td>\n",
       "      <td>0.683232</td>\n",
       "    </tr>\n",
       "    <tr>\n",
       "      <th>17</th>\n",
       "      <td>0.002365</td>\n",
       "      <td>0.021473</td>\n",
       "      <td>-0.114834</td>\n",
       "      <td>0.013964</td>\n",
       "      <td>-0.066422</td>\n",
       "      <td>-0.054872</td>\n",
       "      <td>-0.106963</td>\n",
       "      <td>-0.148826</td>\n",
       "      <td>0.291172</td>\n",
       "      <td>0.334269</td>\n",
       "      <td>0.380637</td>\n",
       "      <td>0.462449</td>\n",
       "      <td>0.268312</td>\n",
       "      <td>0.205122</td>\n",
       "      <td>0.476310</td>\n",
       "      <td>0.288726</td>\n",
       "      <td>0.683232</td>\n",
       "      <td>1.000000</td>\n",
       "    </tr>\n",
       "  </tbody>\n",
       "</table>\n",
       "</div>"
      ],
      "text/plain": [
       "          0         1         2         3         4         5         6   \\\n",
       "0   1.000000  0.436819  0.401648  0.340623  0.236730  0.262158  0.092060   \n",
       "1   0.436819  1.000000  0.259745  0.380159  0.253664  0.234988  0.114118   \n",
       "2   0.401648  0.259745  1.000000  0.140627  0.416596  0.131281  0.067568   \n",
       "3   0.340623  0.380159  0.140627  1.000000  0.171622  0.176805  0.106506   \n",
       "4   0.236730  0.253664  0.416596  0.171622  1.000000  0.410911  0.167740   \n",
       "5   0.262158  0.234988  0.131281  0.176805  0.410911  1.000000  0.067867   \n",
       "6   0.092060  0.114118  0.067568  0.106506  0.167740  0.067867  1.000000   \n",
       "7   0.179363  0.072228  0.171187  0.058197  0.057398 -0.059421  0.087743   \n",
       "8   0.077550  0.039397 -0.009901  0.024607  0.083865  0.065108 -0.011685   \n",
       "9  -0.051121 -0.007687 -0.022994 -0.011445  0.081444  0.011868 -0.006792   \n",
       "10 -0.093987 -0.054391 -0.126441 -0.045310  0.044497 -0.015765 -0.035501   \n",
       "11 -0.201888 -0.156953 -0.140354 -0.064045  0.023219 -0.063730  0.009200   \n",
       "12 -0.087560 -0.048828 -0.056853 -0.092547  0.154181  0.013389 -0.052491   \n",
       "13 -0.051797 -0.048504 -0.077442  0.012755 -0.047226 -0.047226 -0.000547   \n",
       "14 -0.032783  0.010064 -0.010729 -0.070692  0.069482 -0.001130 -0.053496   \n",
       "15  0.024132 -0.061257 -0.001730  0.045660  0.069036 -0.006043 -0.064356   \n",
       "16 -0.111431 -0.070859 -0.167580 -0.000043 -0.026245 -0.060324 -0.035630   \n",
       "17  0.002365  0.021473 -0.114834  0.013964 -0.066422 -0.054872 -0.106963   \n",
       "\n",
       "          7         8         9         10        11        12        13  \\\n",
       "0   0.179363  0.077550 -0.051121 -0.093987 -0.201888 -0.087560 -0.051797   \n",
       "1   0.072228  0.039397 -0.007687 -0.054391 -0.156953 -0.048828 -0.048504   \n",
       "2   0.171187 -0.009901 -0.022994 -0.126441 -0.140354 -0.056853 -0.077442   \n",
       "3   0.058197  0.024607 -0.011445 -0.045310 -0.064045 -0.092547  0.012755   \n",
       "4   0.057398  0.083865  0.081444  0.044497  0.023219  0.154181 -0.047226   \n",
       "5  -0.059421  0.065108  0.011868 -0.015765 -0.063730  0.013389 -0.047226   \n",
       "6   0.087743 -0.011685 -0.006792 -0.035501  0.009200 -0.052491 -0.000547   \n",
       "7   1.000000 -0.091275  0.001508 -0.207809 -0.253239 -0.171078 -0.032802   \n",
       "8  -0.091275  1.000000  0.357025  0.304123  0.115956  0.123562  0.251735   \n",
       "9   0.001508  0.357025  1.000000  0.466316  0.237142  0.297732  0.130455   \n",
       "10 -0.207809  0.304123  0.466316  1.000000  0.278765  0.381907  0.285051   \n",
       "11 -0.253239  0.115956  0.237142  0.278765  1.000000  0.381659  0.103480   \n",
       "12 -0.171078  0.123562  0.297732  0.381907  0.381659  1.000000  0.150040   \n",
       "13 -0.032802  0.251735  0.130455  0.285051  0.103480  0.150040  1.000000   \n",
       "14 -0.119504  0.523311  0.531823  0.494363  0.279699  0.268851  0.234052   \n",
       "15 -0.080455  0.163891  0.215451  0.298136  0.108680  0.133234  0.164588   \n",
       "16 -0.114425  0.124425  0.330392  0.391173  0.396894  0.277223  0.195504   \n",
       "17 -0.148826  0.291172  0.334269  0.380637  0.462449  0.268312  0.205122   \n",
       "\n",
       "          14        15        16        17  \n",
       "0  -0.032783  0.024132 -0.111431  0.002365  \n",
       "1   0.010064 -0.061257 -0.070859  0.021473  \n",
       "2  -0.010729 -0.001730 -0.167580 -0.114834  \n",
       "3  -0.070692  0.045660 -0.000043  0.013964  \n",
       "4   0.069482  0.069036 -0.026245 -0.066422  \n",
       "5  -0.001130 -0.006043 -0.060324 -0.054872  \n",
       "6  -0.053496 -0.064356 -0.035630 -0.106963  \n",
       "7  -0.119504 -0.080455 -0.114425 -0.148826  \n",
       "8   0.523311  0.163891  0.124425  0.291172  \n",
       "9   0.531823  0.215451  0.330392  0.334269  \n",
       "10  0.494363  0.298136  0.391173  0.380637  \n",
       "11  0.279699  0.108680  0.396894  0.462449  \n",
       "12  0.268851  0.133234  0.277223  0.268312  \n",
       "13  0.234052  0.164588  0.195504  0.205122  \n",
       "14  1.000000  0.241535  0.437641  0.476310  \n",
       "15  0.241535  1.000000  0.350864  0.288726  \n",
       "16  0.437641  0.350864  1.000000  0.683232  \n",
       "17  0.476310  0.288726  0.683232  1.000000  "
      ]
     },
     "execution_count": 565,
     "metadata": {},
     "output_type": "execute_result"
    }
   ],
   "source": [
    "#iterates through each ASV and performs spearman correlation.  Creates one long list with all correlation values.\n",
    "correlation_list = []\n",
    "\n",
    "for i in ASV_list:\n",
    "    for j in ASV_list:\n",
    "        correlation_list.append(stats.spearmanr(plot_abs_data[i],plot_abs_data[j])[0])\n",
    "\n",
    "#list is then split into even chunks into a list of lists\n",
    "correlation_list_list = [correlation_list[i:i+len(ASV_list)] for i in range(0,len(correlation_list),len(ASV_list))]\n",
    "\n",
    "#list of lists is made into a dataframe.  Now our data is ready to plot!\n",
    "correlation_list_list_df = pd.DataFrame(correlation_list_list)\n",
    "\n",
    "correlation_list_list_df"
   ]
  },
  {
   "cell_type": "markdown",
   "metadata": {},
   "source": [
    "# Clustered co-correlation matrix of the top 16 genera (and 2 controls)"
   ]
  },
  {
   "cell_type": "code",
   "execution_count": 566,
   "metadata": {},
   "outputs": [
    {
     "data": {
      "text/plain": [
       "[]"
      ]
     },
     "execution_count": 566,
     "metadata": {},
     "output_type": "execute_result"
    },
    {
     "data": {
